{
  "asset": {
    "version": "2.0",
    "generator": "THREE.GLTFExporter r166"
  },
  "scenes": [
    {
      "nodes": [
        0,
        33
      ]
    }
  ],
  "scene": 0,
  "nodes": [
    {},
    {
      "matrix": [
        0.4328724145889282,
        0,
        -0.9014551639556885,
        0,
        0,
        0.9999999403953552,
        0,
        0,
        0.9014551043510437,
        0,
        0.43287235498428345,
        0,
        -1.192428708076477,
        0.45506733655929565,
        0.626067578792572,
        1
      ],
      "mesh": 0
    },
    {
      "matrix": [
        0.43287229537963867,
        0,
        -0.9014551639556885,
        0,
        0,
        1,
        0,
        0,
        0.9014551639556885,
        0,
        0.43287229537963867,
        0,
        0.06277378648519516,
        0.4198746085166931,
        -1.987886905670166,
        1
      ],
      "mesh": 1
    },
    {
      "matrix": [
        0.43287235498428345,
        0,
        -0.9014551639556885,
        0,
        0,
        0.9999999403953552,
        0,
        0,
        0.9014551043510437,
        0,
        0.43287229537963867,
        0,
        -0.6397262811660767,
        0.019677752628922462,
        -0.524932861328125,
        1
      ],
      "mesh": 2
    },
    {
      "matrix": [
        0.9014551043510437,
        0,
        0.43287256360054016,
        0,
        0,
        0.9999999403953552,
        0,
        0,
        -0.4328725039958954,
        0,
        0.9014549851417542,
        0,
        2.670689105987549,
        0.019677752628922462,
        -1.889243245124817,
        1
      ],
      "mesh": 3
    },
    {
      "matrix": [
        -0.9014551043510437,
        0,
        -0.43287235498428345,
        0,
        0,
        0.9999999403953552,
        0,
        0,
        0.43287235498428345,
        0,
        -0.9014551639556885,
        0,
        -1.0846099853515625,
        0.019677752628922462,
        2.2266197204589844,
        1
      ],
      "mesh": 4
    },
    {
      "matrix": [
        0.901455283164978,
        0,
        0.4328721761703491,
        0,
        0,
        1,
        0,
        0,
        -0.43287214636802673,
        0,
        0.901455283164978,
        0,
        0.9722055196762085,
        -0.40107211470603943,
        -2.7160773277282715,
        1
      ],
      "mesh": 5
    },
    {
      "matrix": [
        0.9014551639556885,
        0,
        0.43287235498428345,
        0,
        0,
        0.9999999403953552,
        0,
        0,
        -0.43287229537963867,
        0,
        0.9014551043510437,
        0,
        0.9890445470809937,
        0.019677752628922462,
        -2.707991123199463,
        1
      ],
      "mesh": 6
    },
    {
      "matrix": [
        0.43287235498428345,
        0,
        -0.9014551639556885,
        0,
        0,
        0.9999999403953552,
        0,
        0,
        0.9014551043510437,
        0,
        0.43287229537963867,
        0,
        0.43802058696746826,
        0.019677752628922462,
        0.8297970294952393,
        1
      ],
      "mesh": 7
    },
    {
      "matrix": [
        0.9014551043510437,
        0,
        0.43287256360054016,
        0,
        0,
        0.9999999403953552,
        0,
        0,
        -0.4328725039958954,
        0,
        0.9014549851417542,
        0,
        0.5609700083732605,
        0.019677752628922462,
        1.377051591873169,
        1
      ],
      "mesh": 8
    },
    {
      "matrix": [
        0.9014552235603333,
        0,
        0.4328722357749939,
        0,
        0,
        0.9999999403953552,
        0,
        0,
        -0.4328722059726715,
        0,
        0.901455283164978,
        0,
        1.6326459646224976,
        0.019677752628922462,
        -2.2442409992218018,
        1
      ],
      "mesh": 9
    },
    {
      "matrix": [
        -0.432873010635376,
        0,
        0.9014548659324646,
        0,
        0,
        0.9999999403953552,
        0,
        0,
        -0.901454746723175,
        0,
        -0.4328729510307312,
        0,
        1.430573582649231,
        0.019677752628922462,
        -2.418623447418213,
        1
      ],
      "mesh": 10
    },
    {
      "matrix": [
        0.4328736364841461,
        0,
        -0.9014545679092407,
        0,
        0,
        0.9999999403953552,
        0,
        0,
        0.901454508304596,
        0,
        0.43287360668182373,
        0,
        1.8928920030593872,
        0.019677752628922462,
        -2.191004514694214,
        1
      ],
      "mesh": 11
    },
    {
      "matrix": [
        -0.9014551043510437,
        0,
        -0.43287256360054016,
        0,
        0,
        0.9999999403953552,
        0,
        0,
        0.4328725039958954,
        0,
        -0.9014549851417542,
        0,
        0.4896852970123291,
        0.019677752628922462,
        2.673725128173828,
        1
      ],
      "mesh": 12
    },
    {
      "matrix": [
        -0.43287229537963867,
        0,
        0.9014551043510437,
        0,
        0,
        0.9999999403953552,
        0,
        0,
        -0.9014551639556885,
        0,
        -0.43287229537963867,
        0,
        -0.3121737539768219,
        0.019677752628922462,
        2.443108081817627,
        1
      ],
      "mesh": 13
    },
    {
      "matrix": [
        -0.432872474193573,
        0,
        0.9014551639556885,
        0,
        0,
        0.9999999403953552,
        0,
        0,
        -0.9014551043510437,
        0,
        -0.4328724145889282,
        0,
        1.6791869401931763,
        0.019677752628922462,
        2.0970780849456787,
        1
      ],
      "mesh": 14
    },
    {
      "matrix": [
        -0.43287235498428345,
        0,
        0.9014551043510437,
        0,
        0,
        0.9999999403953552,
        0,
        0,
        -0.9014551639556885,
        0,
        -0.43287235498428345,
        0,
        2.7737929821014404,
        0.019677752628922462,
        -0.1824353188276291,
        1
      ],
      "mesh": 15
    },
    {
      "matrix": [
        -0.8967219591140747,
        0,
        -0.44259408116340637,
        0,
        0,
        0.9999999403953552,
        0,
        0,
        0.44259411096572876,
        0,
        -0.8967220187187195,
        0,
        1.6912683248519897,
        0.019677752628922462,
        0.949212372303009,
        1
      ],
      "mesh": 16
    },
    {
      "matrix": [
        -0.9014549851417542,
        0,
        -0.4328724443912506,
        0,
        0,
        0.9999999403953552,
        0,
        0,
        0.4328724145889282,
        0,
        -0.9014550447463989,
        0,
        0.9419877529144287,
        0.019677752628922462,
        0.5835835337638855,
        1
      ],
      "mesh": 17
    },
    {
      "matrix": [
        0.432872474193573,
        0,
        -0.9014551639556885,
        0,
        0,
        0.9999999403953552,
        0,
        0,
        0.9014551043510437,
        0,
        0.4328724145889282,
        0,
        1.0649371147155762,
        0.019677752628922462,
        1.1308379173278809,
        1
      ],
      "mesh": 18
    },
    {
      "matrix": [
        -0.4162031412124634,
        0,
        0.9092716574668884,
        0,
        0,
        1,
        0,
        0,
        -0.9092716574668884,
        0,
        -0.4162031412124634,
        0,
        0.10358876734972,
        -0.39148280024528503,
        1.5409570932388306,
        1
      ],
      "mesh": 19
    },
    {
      "matrix": [
        -0.4162030816078186,
        0,
        0.9092716574668884,
        0,
        0,
        0.9999999403953552,
        0,
        0,
        -0.9092715978622437,
        0,
        -0.4162030518054962,
        0,
        -0.002200491726398468,
        0.019677752628922462,
        1.7720729112625122,
        1
      ],
      "mesh": 20
    },
    {
      "matrix": [
        0.9021415114402771,
        0,
        0.4314401149749756,
        0,
        0.4314401149749756,
        0,
        -0.9021415114402771,
        0,
        0,
        1,
        0,
        0,
        0.8316982984542847,
        -1.404392957687378,
        0.15607915818691254,
        1
      ],
      "mesh": 21
    },
    {
      "matrix": [
        0.4328724145889282,
        0,
        -0.9014551043510437,
        0,
        0,
        0.9999999403953552,
        0,
        0,
        0.9014550447463989,
        0,
        0.43287238478660583,
        0,
        -0.22300919890403748,
        -0.9822545051574707,
        -0.769099771976471,
        1
      ],
      "mesh": 22
    },
    {
      "matrix": [
        0.9014551043510437,
        0,
        0.43287256360054016,
        0,
        0,
        1,
        0,
        0,
        -0.4328725337982178,
        0,
        0.9014550447463989,
        0,
        2.4158763885498047,
        -0.9979612827301025,
        -1.6413345336914062,
        1
      ],
      "mesh": 23
    },
    {
      "matrix": [
        -0.43287235498428345,
        0,
        0.9014551639556885,
        0,
        0,
        0.9999999403953552,
        0,
        0,
        -0.9014551043510437,
        0,
        -0.43287229537963867,
        0,
        1.3959059715270996,
        -1.0450984239578247,
        0.3146533668041229,
        1
      ],
      "mesh": 24
    },
    {
      "matrix": [
        -0.9014551639556885,
        0,
        -0.43287229537963867,
        0,
        0,
        0.9999999403953552,
        0,
        0,
        0.4328722357749939,
        0,
        -0.9014551043510437,
        0,
        0.31801173090934753,
        -0.9878799915313721,
        2.3021745681762695,
        1
      ],
      "mesh": 25
    },
    {
      "matrix": [
        -0.9646257162094116,
        0,
        -0.2636229395866394,
        0,
        0,
        0.9999999403953552,
        0,
        0,
        0.2636229395866394,
        0,
        -0.9646256566047668,
        0,
        1.818145513534546,
        -0.9390833377838135,
        -0.5412337779998779,
        1
      ],
      "mesh": 26
    },
    {
      "matrix": [
        -0.9014552235603333,
        0,
        -0.4328722357749939,
        0,
        0,
        1,
        0,
        0,
        0.4328722357749939,
        0,
        -0.9014552235603333,
        0,
        -0.6996093988418579,
        -0.9308044910430908,
        2.027198553085327,
        1
      ],
      "mesh": 27
    },
    {
      "matrix": [
        -0.9014548063278198,
        0,
        -0.4328728914260864,
        0,
        0,
        1.0000001192092896,
        0,
        0,
        0.4328729212284088,
        0,
        -0.9014549255371094,
        0,
        1.014089822769165,
        -0.9533874988555908,
        2.6567015647888184,
        1
      ],
      "mesh": 28
    },
    {
      "matrix": [
        0.9014551639556885,
        0,
        0.43287229537963867,
        0,
        0,
        1,
        0,
        0,
        -0.43287229537963867,
        0,
        0.9014551639556885,
        0,
        1.6077709197998047,
        -1.180229902267456,
        -1.9733765125274658,
        1
      ],
      "mesh": 29
    },
    {
      "matrix": [
        -0.9014552235603333,
        0,
        -0.4328721761703491,
        0,
        0,
        0.9999999403953552,
        0,
        0,
        0.43287211656570435,
        0,
        -0.9014551043510437,
        0,
        -0.9762848019599915,
        0.5334091186523438,
        2.001033067703247,
        1
      ],
      "mesh": 30
    },
    {
      "matrix": [
        -0.9014550447463989,
        0,
        -0.4328726828098297,
        0,
        0,
        1,
        0,
        0,
        0.4328726828098297,
        0,
        -0.9014550447463989,
        0,
        1.0159510374069214,
        -0.656115710735321,
        2.652825117111206,
        1
      ],
      "mesh": 31
    },
    {
      "children": [
        1,
        2,
        3,
        4,
        5,
        6,
        7,
        8,
        9,
        10,
        11,
        12,
        13,
        14,
        15,
        16,
        17,
        18,
        19,
        20,
        21,
        22,
        23,
        24,
        25,
        26,
        27,
        28,
        29,
        30,
        31,
        32
      ]
    }
  ],
  "bufferViews": [
    {
      "buffer": 0,
      "byteOffset": 0,
      "byteLength": 432,
      "target": 34962,
      "byteStride": 12
    },
    {
      "buffer": 0,
      "byteOffset": 432,
      "byteLength": 432,
      "target": 34962,
      "byteStride": 12
    },
    {
      "buffer": 0,
      "byteOffset": 864,
      "byteLength": 432,
      "target": 34962,
      "byteStride": 12
    },
    {
      "buffer": 0,
      "byteOffset": 1296,
      "byteLength": 432,
      "target": 34962,
      "byteStride": 12
    },
    {
      "buffer": 0,
      "byteOffset": 1728,
      "byteLength": 2304,
      "target": 34962,
      "byteStride": 12
    },
    {
      "buffer": 0,
      "byteOffset": 4032,
      "byteLength": 2304,
      "target": 34962,
      "byteStride": 12
    },
    {
      "buffer": 0,
      "byteOffset": 6336,
      "byteLength": 864,
      "target": 34962,
      "byteStride": 12
    },
    {
      "buffer": 0,
      "byteOffset": 7200,
      "byteLength": 864,
      "target": 34962,
      "byteStride": 12
    },
    {
      "buffer": 0,
      "byteOffset": 8064,
      "byteLength": 864,
      "target": 34962,
      "byteStride": 12
    },
    {
      "buffer": 0,
      "byteOffset": 8928,
      "byteLength": 864,
      "target": 34962,
      "byteStride": 12
    },
    {
      "buffer": 0,
      "byteOffset": 9792,
      "byteLength": 432,
      "target": 34962,
      "byteStride": 12
    },
    {
      "buffer": 0,
      "byteOffset": 10224,
      "byteLength": 432,
      "target": 34962,
      "byteStride": 12
    },
    {
      "buffer": 0,
      "byteOffset": 10656,
      "byteLength": 1440,
      "target": 34962,
      "byteStride": 12
    },
    {
      "buffer": 0,
      "byteOffset": 12096,
      "byteLength": 1440,
      "target": 34962,
      "byteStride": 12
    },
    {
      "buffer": 0,
      "byteOffset": 13536,
      "byteLength": 432,
      "target": 34962,
      "byteStride": 12
    },
    {
      "buffer": 0,
      "byteOffset": 13968,
      "byteLength": 432,
      "target": 34962,
      "byteStride": 12
    },
    {
      "buffer": 0,
      "byteOffset": 14400,
      "byteLength": 432,
      "target": 34962,
      "byteStride": 12
    },
    {
      "buffer": 0,
      "byteOffset": 14832,
      "byteLength": 432,
      "target": 34962,
      "byteStride": 12
    },
    {
      "buffer": 0,
      "byteOffset": 15264,
      "byteLength": 432,
      "target": 34962,
      "byteStride": 12
    },
    {
      "buffer": 0,
      "byteOffset": 15696,
      "byteLength": 432,
      "target": 34962,
      "byteStride": 12
    },
    {
      "buffer": 0,
      "byteOffset": 16128,
      "byteLength": 432,
      "target": 34962,
      "byteStride": 12
    },
    {
      "buffer": 0,
      "byteOffset": 16560,
      "byteLength": 432,
      "target": 34962,
      "byteStride": 12
    },
    {
      "buffer": 0,
      "byteOffset": 16992,
      "byteLength": 864,
      "target": 34962,
      "byteStride": 12
    },
    {
      "buffer": 0,
      "byteOffset": 17856,
      "byteLength": 864,
      "target": 34962,
      "byteStride": 12
    },
    {
      "buffer": 0,
      "byteOffset": 18720,
      "byteLength": 432,
      "target": 34962,
      "byteStride": 12
    },
    {
      "buffer": 0,
      "byteOffset": 19152,
      "byteLength": 432,
      "target": 34962,
      "byteStride": 12
    },
    {
      "buffer": 0,
      "byteOffset": 19584,
      "byteLength": 864,
      "target": 34962,
      "byteStride": 12
    },
    {
      "buffer": 0,
      "byteOffset": 20448,
      "byteLength": 864,
      "target": 34962,
      "byteStride": 12
    },
    {
      "buffer": 0,
      "byteOffset": 21312,
      "byteLength": 864,
      "target": 34962,
      "byteStride": 12
    },
    {
      "buffer": 0,
      "byteOffset": 22176,
      "byteLength": 864,
      "target": 34962,
      "byteStride": 12
    },
    {
      "buffer": 0,
      "byteOffset": 23040,
      "byteLength": 432,
      "target": 34962,
      "byteStride": 12
    },
    {
      "buffer": 0,
      "byteOffset": 23472,
      "byteLength": 432,
      "target": 34962,
      "byteStride": 12
    },
    {
      "buffer": 0,
      "byteOffset": 23904,
      "byteLength": 432,
      "target": 34962,
      "byteStride": 12
    },
    {
      "buffer": 0,
      "byteOffset": 24336,
      "byteLength": 432,
      "target": 34962,
      "byteStride": 12
    },
    {
      "buffer": 0,
      "byteOffset": 24768,
      "byteLength": 432,
      "target": 34962,
      "byteStride": 12
    },
    {
      "buffer": 0,
      "byteOffset": 25200,
      "byteLength": 432,
      "target": 34962,
      "byteStride": 12
    },
    {
      "buffer": 0,
      "byteOffset": 25632,
      "byteLength": 432,
      "target": 34962,
      "byteStride": 12
    },
    {
      "buffer": 0,
      "byteOffset": 26064,
      "byteLength": 432,
      "target": 34962,
      "byteStride": 12
    },
    {
      "buffer": 0,
      "byteOffset": 26496,
      "byteLength": 432,
      "target": 34962,
      "byteStride": 12
    },
    {
      "buffer": 0,
      "byteOffset": 26928,
      "byteLength": 432,
      "target": 34962,
      "byteStride": 12
    },
    {
      "buffer": 0,
      "byteOffset": 27360,
      "byteLength": 936,
      "target": 34962,
      "byteStride": 12
    },
    {
      "buffer": 0,
      "byteOffset": 28296,
      "byteLength": 936,
      "target": 34962,
      "byteStride": 12
    },
    {
      "buffer": 0,
      "byteOffset": 29232,
      "byteLength": 1512,
      "target": 34962,
      "byteStride": 12
    },
    {
      "buffer": 0,
      "byteOffset": 30744,
      "byteLength": 1512,
      "target": 34962,
      "byteStride": 12
    },
    {
      "buffer": 0,
      "byteOffset": 32256,
      "byteLength": 432,
      "target": 34962,
      "byteStride": 12
    },
    {
      "buffer": 0,
      "byteOffset": 32688,
      "byteLength": 432,
      "target": 34962,
      "byteStride": 12
    },
    {
      "buffer": 0,
      "byteOffset": 33120,
      "byteLength": 432,
      "target": 34962,
      "byteStride": 12
    },
    {
      "buffer": 0,
      "byteOffset": 33552,
      "byteLength": 432,
      "target": 34962,
      "byteStride": 12
    },
    {
      "buffer": 0,
      "byteOffset": 33984,
      "byteLength": 432,
      "target": 34962,
      "byteStride": 12
    },
    {
      "buffer": 0,
      "byteOffset": 34416,
      "byteLength": 432,
      "target": 34962,
      "byteStride": 12
    },
    {
      "buffer": 0,
      "byteOffset": 34848,
      "byteLength": 432,
      "target": 34962,
      "byteStride": 12
    },
    {
      "buffer": 0,
      "byteOffset": 35280,
      "byteLength": 432,
      "target": 34962,
      "byteStride": 12
    },
    {
      "buffer": 0,
      "byteOffset": 35712,
      "byteLength": 432,
      "target": 34962,
      "byteStride": 12
    },
    {
      "buffer": 0,
      "byteOffset": 36144,
      "byteLength": 432,
      "target": 34962,
      "byteStride": 12
    },
    {
      "buffer": 0,
      "byteOffset": 36576,
      "byteLength": 432,
      "target": 34962,
      "byteStride": 12
    },
    {
      "buffer": 0,
      "byteOffset": 37008,
      "byteLength": 432,
      "target": 34962,
      "byteStride": 12
    },
    {
      "buffer": 0,
      "byteOffset": 37440,
      "byteLength": 1584,
      "target": 34962,
      "byteStride": 12
    },
    {
      "buffer": 0,
      "byteOffset": 39024,
      "byteLength": 1584,
      "target": 34962,
      "byteStride": 12
    },
    {
      "buffer": 0,
      "byteOffset": 40608,
      "byteLength": 432,
      "target": 34962,
      "byteStride": 12
    },
    {
      "buffer": 0,
      "byteOffset": 41040,
      "byteLength": 432,
      "target": 34962,
      "byteStride": 12
    },
    {
      "buffer": 0,
      "byteOffset": 41472,
      "byteLength": 432,
      "target": 34962,
      "byteStride": 12
    },
    {
      "buffer": 0,
      "byteOffset": 41904,
      "byteLength": 432,
      "target": 34962,
      "byteStride": 12
    },
    {
      "buffer": 0,
      "byteOffset": 42336,
      "byteLength": 432,
      "target": 34962,
      "byteStride": 12
    },
    {
      "buffer": 0,
      "byteOffset": 42768,
      "byteLength": 432,
      "target": 34962,
      "byteStride": 12
    }
  ],
  "buffers": [
    {
      "byteLength": 43200,
